Итерация 1:
[3, 7, 8, 1, 4, 6, 2, 5] (7 и 3 поменялись)
[3, 7, 8, 1, 4, 6, 2, 5] (7 и 8 не меняются)
[3, 7, 1, 8, 4, 6, 2, 5] (8 и 1 поменялись)
[3, 7, 1, 4, 8, 6, 2, 5] (8 и 4 поменялись)
[3, 7, 1, 4, 6, 8, 2, 5] (8 и 6 поменялись)
[3, 7, 1, 4, 6, 2, 8, 5] (8 и 2 поменялись)
[3, 7, 1, 4, 6, 2, 5, 8] (8 и 5 поменялись)

Итерация 2:
[3, 7, 1, 4, 6, 2, 5, 8] (3 и 7 не меняются)
[3, 1, 7, 4, 6, 2, 5, 8] (7 и 1 поменялись)
[3, 1, 4, 7, 6, 2, 5, 8] (7 и 4 поменялись)
[3, 1, 4, 6, 7, 2, 5, 8] (7 и 6 поменялись)
[3, 1, 4, 6, 2, 7, 5, 8] (7 и 2 поменялись)
[3, 1, 4, 6, 2, 5, 7, 8] (7 и 5 поменялись)

Итерация 3:
[1, 3, 4, 6, 2, 5, 7, 8] (3 и 1 поменялись)
[1, 3, 4, 6, 2, 5, 7, 8] (3 и 4 не меняются)
[1, 3, 4, 6, 2, 5, 7, 8] (4 и 6 не меняются)
[1, 3, 4, 2, 6, 5, 7, 8] (6 и 2 поменялись)
[1, 3, 4, 2, 5, 6, 7, 8] (6 и 5 поменялись)

Итерация 4:
[1, 3, 4, 2, 5, 6, 7, 8] (1 и 3 не меняются)
[1, 3, 4, 2, 5, 6, 7, 8] (3 и 4 не меняются)
[1, 3, 2, 4, 5, 6, 7, 8] (4 и 2 поменялись)
[1, 3, 2, 4, 5, 6, 7, 8] (4 и 5 не меняются)

Итерация 5:
[1, 3, 2, 4, 5, 6, 7, 8] (1 и 3 не меняются)
[1, 2, 3, 4, 5, 6, 7, 8] (3 и 2 поменялись)
[1, 2, 3, 4, 5, 6, 7, 8] (3 и 4 не меняются)

Итерация 6:
[1, 2, 3, 4, 5, 6, 7, 8] (1 и 2 не меняются)
[1, 2, 3, 4, 5, 6, 7, 8] (2 и 3 не меняются)

Итерация 7:
[1, 2, 3, 4, 5, 6, 7, 8] (1 и 2 не меняются)

Отсортированный массив: [1, 2, 3, 4, 5, 6, 7, 8]